'NEIS0035', 1.7654942274093628, 1.0, 0.1989029717067817
 'NEIS0665', 1.555557131767273, 0.8810887668830581, 0.1752511740705041
 'NEIS0276', 1.236052393913269, 0.7001169274436077, 0.13925533741075485
 'NEIS0380', 1.0174765586853027, 0.5763125944502915, 0.11463028766820829
 'NEIS0409', 0.7687268853187561, 0.43541738816487924, 0.08660581243879976
 'NEIS1447', 0.7456141114234924, 0.42232599792613645, 0.08400189601654068
 'Locus', 0.5643766522407532, 0.3196706301718719, 0.06358343830856493
 'NEIS0620', 0.2726934552192688, 0.1544572907606793, 0.03072201413407755
 'NEIS2045', 0.2223733365535736, 0.1259552895167933, 0.025052881387078237
 'NEIS1574', 0.1814442276954651, 0.10277248425881931, 0.020441752528767607
 'NEIS0343', 0.12094525992870331, 0.06850504411230787, 0.013625856850842206
 'NEIS1456', 0.09879617393016815, 0.055959499836563564, 0.011130510812717659
 'NEIS0101', 0.09108959138393402, 0.05159438641586291, 0.010262276781503144
 'NEIS0478', 0.07310406118631363, 0.0414071369089575, 0.00823600258106121
 'NEIS0541', 0.07007189095020294, 0.03968967434859557, 0.007894394174010085
 'NEIS0175', 0.04409395530819893, 0.0249754174347549, 0.004967684747390116
 'NEIS1879', 0.029487913474440575, 0.01670235621087831, 0.0033221482848489184
 'NEIS0561', 0.006733426358550787, 0.0038139044886208607, 0.0007585969365925228
 'NEIS0827', 0.0038039220962673426, 0.0021545933355155244, 0.00042855501725366476
 'NEIS0412', 0.003113506594672799, 0.0017635325827383033, 0.00035077187140838446
 'NEIS1650', 0.0025481507182121277, 0.0014433073066181662, 0.00028707811237246443
 'NEIS1880', 0.001376931555569172, 0.0007799128052599996, 0.00015512697463838647
 'NEIS0430', 0.000557334627956152, 0.00031568193161071354, 6.279007431150796e-05
 'NEIS1846', 0.0003442307352088392, 0.00019497698143932976, 3.878150102270071e-05
 'NEIS1996', 8.485426951665431e-05, 4.806261510192934e-05, 9.559796971772991e-06
 'NEIS1364', 7.001052290434018e-05, 3.965491465076704e-05, 7.88748036681636e-06
 'NEIS1588', 5.6866396334953606e-05, 3.220990216342864e-05, 6.406645258690653e-06
 'NEIS0005', 3.187866241205484e-05, 1.805650900305276e-05, 3.5914932993574523e-06
 'NEIS1838', 1.6478255929541774e-05, 9.333508812272646e-06, 1.8564626392124638e-06
 'NEIS0068', 7.497918886656407e-06, 4.246923479131759e-06, 8.447257006106111e-07
 'NEIS0479', 6.0614347603404894e-06, 3.4332792858999437e-06, 6.828894526648362e-07
 'NEIS1238', 4.0630006878927816e-06, 2.3013389819204992e-06, 4.577431624086469e-07
 'NEIS0524', 2.723453917496954e-06, 1.5426014286624288e-06, 3.0682800832008414e-07
 'NEIS0488', 2.2310030090011423e-06, 1.2636705203363107e-06, 2.5134782175314736e-07
 'NEIS1357', 6.823810849709844e-08, 3.865099496656477e-08, 7.687797758273594e-09
 'NEIS0264', 2.9681862301345063e-08, 1.681221147060866e-08, 3.3439988224669054e-09
 'NEIS1727', 2.2425105328238715e-08, 1.2701885387155693e-08, 2.526442749784213e-09
 'NEIS0041', 5.526567647962111e-09, 3.1303232614199155e-09, 6.226305990992862e-10
 'NEIS2068', 1.017221029631088e-10, 5.7616785931026795e-11, 1.1460149941874722e-11
 'NEIS0795', 3.723760536034071e-11, 2.1091887349290367e-11, 4.1952390726785286e-12
 'NEIS0016', 4.00748488213476e-12, 2.269894072672915e-12, 4.514886765142523e-13
 'NEIS0013', 2.583682183129876e-12, 1.4634328127603678e-12, 2.910811353512514e-13
 'NEIS0143', 5.853346007826774e-16, 3.315414979530016e-16, 6.59445891869699e-17
 'NEIS2005', 7.312808143135815e-21, 4.142074230322705e-21, 8.238708734412667e-22
 'NEIS0001', 0.0, 0.0, 0.0
 'NEIS0010', 0.0, 0.0, 0.0
 'NEIS0038', 0.0, 0.0, 0.0
 'NEIS0047', 0.0, 0.0, 0.0
 'NEIS0048', 0.0, 0.0, 0.0
 'NEIS0059', 0.0, 0.0, 0.0
 'NEIS0062', 0.0, 0.0, 0.0
 'NEIS0093', 0.0, 0.0, 0.0
 'NEIS0094', 0.0, 0.0, 0.0
 'NEIS0202', 0.0, 0.0, 0.0
 'NEIS0213', 0.0, 0.0, 0.0
 'NEIS0232', 0.0, 0.0, 0.0
 'NEIS0233', 0.0, 0.0, 0.0
 'NEIS0396', 0.0, 0.0, 0.0
 'NEIS0422', 0.0, 0.0, 0.0
 'NEIS0425', 0.0, 0.0, 0.0
 'NEIS0427', 0.0, 0.0, 0.0
 'NEIS0437', 0.0, 0.0, 0.0
 'NEIS0459', 0.0, 0.0, 0.0
 'NEIS0476', 0.0, 0.0, 0.0
 'NEIS0493', 0.0, 0.0, 0.0
 'NEIS0535', 0.0, 0.0, 0.0
 'NEIS0568', 0.0, 0.0, 0.0
 'NEIS0586', 0.0, 0.0, 0.0
 'NEIS0593', 0.0, 0.0, 0.0
 'NEIS0595', 0.0, 0.0, 0.0
 'NEIS0608', 0.0, 0.0, 0.0
 'NEIS0653', 0.0, 0.0, 0.0
 'NEIS0701', 0.0, 0.0, 0.0
 'NEIS0771', 0.0, 0.0, 0.0
 'NEIS0781', 0.0, 0.0, 0.0
 'NEIS0815', 0.0, 0.0, 0.0
 'NEIS0950', 0.0, 0.0, 0.0
 'NEIS1124', 0.0, 0.0, 0.0
 'NEIS1156', 0.0, 0.0, 0.0
 'NEIS1173', 0.0, 0.0, 0.0
 'NEIS1298', 0.0, 0.0, 0.0
 'NEIS1444', 0.0, 0.0, 0.0
 'NEIS1499', 0.0, 0.0, 0.0
 'NEIS1504', 0.0, 0.0, 0.0
 'NEIS1573', 0.0, 0.0, 0.0
 'NEIS1594', 0.0, 0.0, 0.0
 'NEIS1619', 0.0, 0.0, 0.0
 'NEIS1635', 0.0, 0.0, 0.0
 'NEIS1653', 0.0, 0.0, 0.0
 'NEIS1660', 0.0, 0.0, 0.0
 'NEIS1661', 0.0, 0.0, 0.0
 'NEIS1667', 0.0, 0.0, 0.0
 'NEIS1701', 0.0, 0.0, 0.0
 'NEIS1702', 0.0, 0.0, 0.0
 'NEIS1750', 0.0, 0.0, 0.0
 'NEIS1778', 0.0, 0.0, 0.0
 'NEIS1795', 0.0, 0.0, 0.0
 'NEIS1796', 0.0, 0.0, 0.0
 'NEIS1887', 0.0, 0.0, 0.0
 'NEIS1902', 0.0, 0.0, 0.0
 'NEIS1926', 0.0, 0.0, 0.0
 'NEIS1927', 0.0, 0.0, 0.0
 'NEIS1944', 0.0, 0.0, 0.0
 'NEIS1945', 0.0, 0.0, 0.0
 'NEIS1972', 0.0, 0.0, 0.0
 'NEIS1977', 0.0, 0.0, 0.0
 'NEIS2053', 0.0, 0.0, 0.0
 'NEIS2071', 0.0, 0.0, 0.0
 'NEIS2083', 0.0, 0.0, 0.0
 'NEIS2089', 0.0, 0.0, 0.0
 'NEIS2099', 0.0, 0.0, 0.0
 'NEIS2100', 0.0, 0.0, 0.0
 'NEIS2101', 0.0, 0.0, 0.0
 'NEIS2152', 0.0, 0.0, 0.0
 'NEIS2153', 0.0, 0.0, 0.0
 'NEIS2483', 0.0, 0.0, 0.0